circle,3.74
19
19
#37 ,37.338
-4.8006, 14.4018
0, 14.4018
4.8006, 14.4018
-9.6012, 9.6012
-4.8006, 9.6012
0, 9.6012
4.8006, 9.6012
9.6012, 9.6012
-14.4018, 4.8006
-9.6012, 4.8006
-4.8006, 4.8006
0, 4.8006
4.8006, 4.8006
9.6012, 4.8006
14.4018, 4.8006
-14.4018, 0
-9.6012, 0
-4.8006, 0
0, 0
4.8006, 0
9.6012, 0
14.4018, 0
-14.4018, -4.8006
-9.6012, -4.8006
-4.8006, -4.8006
0, -4.8006
4.8006, -4.8006
9.6012, -4.8006
14.4018, -4.8006
-9.6012, -9.6012
-4.8006, -9.6012
0, -9.6012
4.8006, -9.6012
9.6012, -9.6012
-4.8006, -14.4018
0, -14.4018
4.8006, -14.4018
